>>10/31/22 18:35:09
REGRESSION
----------
SUMMARY OF OUTPUT: ORDINARY LEAST SQUARES ESTIMATION
Data set            :  Regression Data
Dependent Variable  :   LNMEDHVAL  Number of Observations: 1720
Mean dependent var  :      10.882  Number of Variables   :    5
S.D. dependent var  :     0.62972  Degrees of Freedom    : 1715 

R-squared           :    0.662300  F-statistic           :     840.869
Adjusted R-squared  :    0.661513  Prob(F-statistic)     :           0
Sum squared residual:     230.332  Log likelihood        :    -711.493
Sigma-square        :    0.134304  Akaike info criterion :     1432.99
S.E. of regression  :    0.366475  Schwarz criterion     :     1460.24
Sigma-square ML     :    0.133914
S.E of regression ML:    0.365942

-----------------------------------------------------------------------------
       Variable      Coefficient      Std.Error    t-Statistic   Probability
-----------------------------------------------------------------------------
          CONSTANT       11.1138      0.0465318        238.843     0.00000
         LNNBELPOV    -0.0789035      0.0084567        -9.3303     0.00000
        PCTBACHMOR     0.0209095    0.000543184        38.4944     0.00000
        PCTSINGLES    0.00297695    0.000703155        4.23371     0.00002
         PCTVACANT    -0.0191563    0.000977851       -19.5902     0.00000
-----------------------------------------------------------------------------

REGRESSION DIAGNOSTICS  
MULTICOLLINEARITY CONDITION NUMBER   12.990609
TEST ON NORMALITY OF ERRORS
TEST                  DF           VALUE             PROB
Jarque-Bera            2           778.9646          0.00000

DIAGNOSTICS FOR HETEROSKEDASTICITY  
RANDOM COEFFICIENTS
TEST                  DF           VALUE             PROB
Breusch-Pagan test     4           162.9108          0.00000
Koenker-Bassett test   4            61.6992          0.00000
SPECIFICATION ROBUST TEST
TEST                  DF           VALUE             PROB
White                 14           111.3224          0.00000

  OBS       LNMEDHVAL        PREDICTED        RESIDUAL
    1         12.32386        12.24259         0.08127
    2         12.11122        12.50397        -0.39275
    3         12.32386        11.96862         0.35524
    4         11.64045        11.97464        -0.33419
    5         11.74563        10.71435         1.03128
    6         10.91511        11.42191        -0.50680
    7         12.17768        11.81480         0.36287
    8         10.68741        11.38750        -0.70009
    9         10.71444        11.29824        -0.58380
   10         13.01701        10.77356         2.24345
   11         12.32386        11.88026         0.44360
   12         12.32386        11.89596         0.42790
   13         10.97337        11.76282        -0.78945
   14         11.94276        12.29158        -0.34881
   15         11.70273        12.15426        -0.45154
   16         12.88512        12.27413         0.61100
   17         12.36008        12.06899         0.29109
   18         12.46265        12.33190         0.13076
   19         12.70351        12.27376         0.42975
   20         12.67232        12.54467         0.12765
   21         12.59575        11.56586         1.02989
   22         11.84439        12.04485        -0.20046
   23         12.00824        11.87307         0.13517
   24         11.99844        11.76964         0.22880
   25         12.58861        12.11698         0.47163
   26         12.27886        12.31993        -0.04106
   27         12.12920        12.19083        -0.06164
   28         12.65556        12.20053         0.45503
   29         12.48749        12.45598         0.03151
   30         12.20608        12.39373        -0.18765
   31         11.95633        11.57894         0.37739
   32         11.60551        11.79440        -0.18889
   33         12.01006        12.08570        -0.07563
   34         12.26104        11.88994         0.37110
   35         12.38506        11.94603         0.43903
   36         11.99844        12.00901        -0.01057
   37         11.88173        11.68847         0.19327
   38         12.14951        12.41318        -0.26367
   39         12.34235        12.11185         0.23050
   40         12.48371        12.30604         0.17767
   41         12.46343        12.29401         0.16942
   42         12.43122        12.46314        -0.03192
   43         13.13073        12.19122         0.93951
   44         13.00493        12.13141         0.87352
   45         11.40089        11.40375        -0.00286
   46         11.11395        10.77988         0.33407
   47         10.61401        10.62904        -0.01503
   48         10.79960        10.67895         0.12064
   49         10.71444        10.69776         0.01668
   50         10.88746        10.80282         0.08463
   51         11.79132        11.46115         0.33018
   52         11.34333        10.71845         0.62489
   53         10.98700        10.40688         0.58012
   54         11.39865        10.58988         0.80877
   55         11.49273        11.80560        -0.31287
   56         11.10045        11.15544        -0.05499
   57         11.32661        11.42063        -0.09403
   58         11.62179        11.30554         0.31624
   59         11.58432        11.29497         0.28935
   60         11.99844        11.76451         0.23393
   61         12.22539        12.30167        -0.07628
   62         11.76291        11.38181         0.38111
   63         10.76851        10.66085         0.10765
   64         12.32386        12.26410         0.05976
   65         12.04825        12.00291         0.04534
   66         11.98294        11.17118         0.81175
   67         11.91840        12.16885        -0.25045
   68         12.13887        12.02694         0.11193
   69         11.96528        11.72851         0.23677
   70         11.67845        11.62022         0.05823
   71         11.44466        11.48741        -0.04275
   72         11.40312        11.59731        -0.19419
   73         10.98869        11.41792        -0.42923
   74         10.26120        10.84888        -0.58768
   75         12.32386        10.34551         1.97835
   76         10.41034        10.41040        -0.00006
   77         10.71444        10.72598        -0.01154
   78         10.72329        10.44214         0.28115
   79         11.04932        10.53915         0.51017
   80         10.86668        10.56637         0.30031
   81         10.29894        10.72543        -0.42649
   82         10.08168        10.57591        -0.49424
   83         10.13860        10.35378        -0.21518
   84         10.14647        10.47894        -0.33246
   85          9.99429        10.29815        -0.30386
   86         10.40732        10.62216        -0.21484
   87         10.03456        10.32909        -0.29453
   88         10.13464        10.54906        -0.41442
   89         10.63106        10.64654        -0.01548
   90         10.27509        10.25498         0.02011
   91         10.76005        10.98450        -0.22445
   92         11.00212        10.40497         0.59715
   93          9.83633        10.17654        -0.34021
   94         10.03456        10.69429        -0.65973
   95         11.15484        10.92568         0.22916
   96         11.00212        11.23935        -0.23723
   97         10.78314        10.81508        -0.03194
   98         11.25417        11.30412        -0.04995
   99         11.33261        11.57979        -0.24718
  100         11.20641        11.19396         0.01245
  101         11.03652        10.92357         0.11294
  102         11.20913        11.23503        -0.02590
  103         11.06038        11.14152        -0.08113
  104         11.01700        10.44628         0.57072
  105         10.86094        10.57626         0.28468
  106         11.40089        11.20287         0.19802
  107         11.41863        11.54999        -0.13136
  108         11.40980        11.43904        -0.02925
  109         10.83567        10.72767         0.10800
  110         11.24244        10.75673         0.48571
  111         11.20505        10.71598         0.48907
  112         11.22526        10.95153         0.27372
  113         10.87807        10.69165         0.18641
  114         11.06822        10.91192         0.15630
  115         10.39821        10.25773         0.14048
  116         10.61891        10.38089         0.23802
  117         10.62135        10.51856         0.10279
  118         10.86286        10.87757        -0.01471
  119         11.05249        11.30382        -0.25133
  120         10.80570        10.74214         0.06356
  121         10.61401        10.50093         0.11308
  122         10.51870        10.57757        -0.05887
  123         10.70775        10.56878         0.13897
  124         11.07288        10.67737         0.39551
  125         11.02681        10.78167         0.24514
  126         10.89305        10.65345         0.23960
  127         10.79755        10.65282         0.14474
  128         10.88371        10.96573        -0.08202
  129         10.87429        10.94309        -0.06880
  130         10.76851        10.88291        -0.11440
  131         11.06038        10.69308         0.36731
  132         11.09439        10.97798         0.11641
  133         11.12433        11.45744        -0.33311
  134         11.15340        11.51721        -0.36380
  135         10.95433        10.96270        -0.00838
  136         10.06904        10.55225        -0.48320
  137         10.56878        10.41144         0.15734
  138         10.74292        10.79345        -0.05053
  139         10.42825        10.72021        -0.29197
  140         10.46598        10.58279        -0.11680
  141         10.62864        10.50571         0.12293
  142         10.54009        10.28959         0.25050
  143         10.13464        10.47108        -0.33644
  144         10.11460        10.11979        -0.00519
  145         10.48293        10.47307         0.00986
  146         10.51056        10.58029        -0.06974
  147         10.24356        10.39471        -0.15115
  148         10.31894        10.57238        -0.25345
  149         10.32879        10.26610         0.06269
  150          9.81471        10.10478        -0.29006
  151          9.79818        10.37692        -0.57873
  152         10.08585        10.34583        -0.25998
  153         10.53212        10.54984        -0.01772
  154         10.42825        10.36688         0.06136
  155         10.35460        10.62327        -0.26868
  156          9.84167        10.56717        -0.72550
  157         10.37039        10.38452        -0.01413
  158         10.06904        10.80935        -0.74030
  159          9.26870        11.52687        -2.25817
  160          9.84697        10.26130        -0.41433
  161          9.69283        10.11716        -0.42433
  162         10.35777        10.50478        -0.14700
  163         10.26817        10.76520        -0.49703
  164         10.23283        10.57889        -0.34606
  165         10.15429        10.86261        -0.70832
  166          9.89349        10.54074        -0.64725
  167          9.51052        10.28885        -0.77833
  168          9.92334        10.35265        -0.42931
  169         10.02132        10.53983        -0.51851
  170          9.89853        10.53095        -0.63242
  171         10.52140        10.24533         0.27607
  172          9.44153         9.99896        -0.55743
  173         10.92775        10.10033         0.82743
  174         10.63347        10.30679         0.32668
  175         10.89119        11.43956        -0.54837
  176         10.86477        10.86687        -0.00210
  177         11.00544        11.26001        -0.25456
  178         10.70102        10.49911         0.20190
  179         10.45452        10.68218        -0.22765
  180         10.50235        10.43510         0.06725
  181         10.43415        10.51564        -0.08150
  182         10.59916        10.35861         0.24055
  183         10.85323        10.72357         0.12967
  184         10.63588        10.61639         0.01949
  185         10.61401        10.93041        -0.31641
  186         10.92596        10.79492         0.13103
  187         11.22925        11.13088         0.09837
  188         11.37022        10.96484         0.40538
  189         11.83139        11.68664         0.14474
  190         11.63869        11.60022         0.03846
  191         11.24375        11.06563         0.17812
  192         10.91329        10.63683         0.27646
  193         10.99207        10.66676         0.32530
  194         11.01700        11.11544        -0.09843
  195         10.60413        10.71620        -0.11207
  196         11.11395        10.75777         0.35618
  197         11.19960        10.82880         0.37080
  198         11.33620        10.97454         0.36166
  199         11.33142        10.79369         0.53773
  200         10.99543        10.81926         0.17617
  201         10.87995        10.75193         0.12802
  202         11.08982        10.77105         0.31877
  203         11.06977        10.71693         0.35285
  204         10.98021        10.84234         0.13787
  205         11.14477        10.71539         0.42938
  206         11.11990        10.82050         0.29940
  207         11.05091        11.02040         0.03050
  208          9.91843        10.25951        -0.34109
  209          9.94276        10.40388        -0.46112
  210         10.61155        10.60642         0.00512
  211         10.71222        10.31820         0.39401
  212         10.19619        10.40859        -0.21239
  213         10.65020        10.46243         0.18777
  214         10.90045        10.68916         0.21130
  215         10.89305        10.55066         0.34239
  216         10.95956        10.93065         0.02891
  217         11.02843        10.78834         0.24010
  218         10.87618        10.61733         0.25884
  219         11.05249        10.53471         0.51778
  220         10.97166        10.79655         0.17511
  221         10.87049        10.59091         0.27958
  222         10.80163        10.57248         0.22916
  223         11.00544        10.87847         0.12697
  224         10.78314        10.67321         0.10993
  225         10.86094        10.67280         0.18814
  226         11.14477        10.93075         0.21402
  227         11.18582        10.83950         0.34632
  228         11.60369        10.98573         0.61796
  229         11.35277        10.96186         0.39091
  230         11.29851        10.90158         0.39693
  231         11.71751        11.14533         0.57217
  232         11.82482        10.15869         1.66613
  233         11.79736        11.10577         0.69159
  234          9.77001        10.78433        -1.01431
  235         11.49579        11.07783         0.41796
  236         11.22792        11.10978         0.11814
  237         11.15340        10.84500         0.30841
  238         11.33501        10.97948         0.35553
  239         11.31082        10.96129         0.34953
  240         11.30345        11.08898         0.21447
  241         11.12875        10.80705         0.32170
  242         10.98869        10.74757         0.24112
  243         10.68969        10.80779        -0.11810
  244         10.76217        10.93629        -0.17412
  245         10.65963        10.81339        -0.15376
  246         10.60165        10.56528         0.03637
  247         11.47316        10.97705         0.49610
  248         11.01865        10.74997         0.26868
  249         10.82578        10.72844         0.09734
  250         10.72549        10.78443        -0.05894
  251         10.70999        10.71510        -0.00511
  252         10.69424        10.80890        -0.11467
  253         10.72988        10.67339         0.05649
  254         10.52140        10.52755        -0.00615
  255         10.51056        10.50750         0.00306
  256         10.49130        10.49596        -0.00465
  257         10.48293        10.65298        -0.17004
  258         10.75366        10.19253         0.56113
  259         10.38903        10.67896        -0.28993
  260         10.56103        10.43313         0.12791
  261         10.51599        10.65467        -0.13868
  262         10.52945        10.83869        -0.30923
  263         10.40126        10.56868        -0.16742
  264         10.55844        10.57970        -0.02126
  265         10.61891        10.79839        -0.17948
  266         10.81378        10.77304         0.04074
  267         10.27163        10.50077        -0.22914
  268         10.27163        10.51098        -0.23935
  269         10.68741        10.63013         0.05729
  270         10.55062        10.46034         0.09028
  271         10.54537        10.41045         0.13492
  272         10.68969        10.50972         0.17997
  273         10.71222        10.92638        -0.21416
  274         10.44874        10.57472        -0.12598
  275         10.24356        10.20996         0.03360
  276         10.55844        10.46413         0.09431
  277         10.56620        10.50866         0.05754
  278         10.40126        10.34527         0.05599
  279         10.70999        10.52936         0.18063
  280         10.93312        10.93519        -0.00207
  281         10.58913        10.68744        -0.09831
  282         10.39210        10.55765        -0.16555
  283         10.66898        10.56823         0.10075
  284         10.58408        10.53460         0.04948
  285         10.42528        10.67288        -0.24760
  286         10.51599        10.57192        -0.05593
  287         10.49960        10.48937         0.01023
  288         10.50783        10.71914        -0.21131
  289         10.27853        10.44420        -0.16567
  290          9.86791        10.28258        -0.41467
  291         10.46598        10.25064         0.21535
  292         10.30565        10.41576        -0.11011
  293         10.32551        10.50062        -0.17511
  294         10.12667        10.65427        -0.52760
  295         10.62379        10.51558         0.10821
  296         10.45740        10.37477         0.08263
  297         10.49408        10.32634         0.16774
  298         10.41034        10.68571        -0.27538
  299         10.64306        10.42951         0.21355
  300         10.60413        10.40076         0.20337
  301         10.45452        10.63237        -0.17784
  302         10.57901        10.83664        -0.25763
  303         10.63588        10.79301        -0.15713
  304         10.65728        10.78118        -0.12389
  305         10.54009        10.71320        -0.17310
  306         10.60165        10.24693         0.35471
  307         10.81780        10.66677         0.15102
  308         10.45164        10.67034        -0.21871
  309         10.72988        10.59736         0.13251
  310         10.62864        10.51862         0.11002
  311         10.63347        10.58281         0.05066
  312         10.35460        10.97620        -0.62160
  313         10.61401        10.14471         0.46930
  314         10.46598        10.46771        -0.00172
  315         10.24711        10.31005        -0.06294
  316         10.29218        11.16352        -0.87134
  317         10.53212         9.90275         0.62938
  318         10.50509        10.24999         0.25511
  319         10.28196        10.68175        -0.39979
  320         10.21468        10.54010        -0.32542
  321         10.30230        10.31592        -0.01362
  322         10.35141        10.54923        -0.19782
  323         10.94907        11.49201        -0.54295
  324         10.98191        10.82349         0.15843
  325         11.47107        11.21059         0.26048
  326         11.78525        11.29141         0.49384
  327         11.29104        10.73552         0.55552
  328         11.71751        11.85297        -0.13546
  329         11.57685        11.19203         0.38482
  330         11.49884        11.56892        -0.07008
  331         11.61549        11.63492        -0.01943
  332         11.56553        10.98986         0.57567
  333         11.34688        10.90082         0.44606
  334         11.03006        10.54422         0.48583
  335         10.80773        10.68513         0.12260
  336         10.76217        10.67439         0.08778
  337         10.56620        10.59820        -0.03200
  338         10.55062        10.54792         0.00270
  339         10.48293        10.66773        -0.18479
  340         10.56620        10.63241        -0.06620
  341         10.50235        10.54534        -0.04299
  342         10.52678        10.83339        -0.30662
  343         10.49130        10.65480        -0.16350
  344         10.40429        10.69987        -0.29558
  345         10.57134        10.64467        -0.07333
  346         10.72329        10.64892         0.07437
  347         10.64545        10.63708         0.00837
  348         10.65728        10.70228        -0.04500
  349         10.73424        10.72621         0.00803
  350         10.98021        11.08155        -0.10134
  351         11.17186        11.21163        -0.03977
  352         11.09591        11.00957         0.08634
  353         10.95956        10.95612         0.00344
  354         10.66898        10.61112         0.05785
  355         10.78728        10.72290         0.06437
  356         10.65257        10.48444         0.16813
  357         10.68969        10.90767        -0.21798
  358         10.65963        10.38780         0.27183
  359         10.51056        10.34287         0.16769
  360         10.67130        10.51035         0.16096
  361         10.68741        10.60057         0.08684
  362         10.53479        10.43978         0.09501
  363         10.21833        10.41063        -0.19230
  364         10.54537        10.63862        -0.09325
  365         10.45452        10.78561        -0.33109
  366         10.60165        10.75915        -0.15750
  367         10.54537        10.67041        -0.12504
  368         10.57134        10.72485        -0.15350
  369         10.43415        10.67151        -0.23736
  370         10.56103        10.51289         0.04814
  371         10.51599        10.36818         0.14782
  372         10.08168        10.67511        -0.59344
  373         11.13314        10.80072         0.33243
  374         10.61155        10.58442         0.02713
  375         10.65020        10.57983         0.07037
  376         10.77061        10.42954         0.34106
  377         10.12266        10.40337        -0.28071
  378         10.54273        10.76126        -0.21853
  379         11.03167        10.83515         0.19652
  380         10.98361        10.30286         0.68075
  381         11.39977        11.16990         0.22987
  382         11.58059        11.63280        -0.05221
  383         11.04454        10.01885         1.02568
  384         11.03329        10.71219         0.32110
  385         10.87807        10.76002         0.11804
  386         11.03973        10.67842         0.36132
  387         11.46164        10.64809         0.81355
  388         12.17871        11.76037         0.41833
  389         11.42301        12.00612        -0.58310
  390         11.76758        11.72277         0.04481
  391         11.74405        11.65433         0.08971
  392         10.56620        10.76817        -0.20197
  393         12.15478        11.46633         0.68846
  394         12.32386        12.27575         0.04811
  395         11.15626        11.44049        -0.28422
  396         11.37367        11.18767         0.18601
  397         11.33022        10.97565         0.35457
  398         11.55886        12.34566        -0.78679
  399         11.93361        11.83503         0.09858
  400         12.22146        11.60391         0.61755
  401         11.38624        11.45326        -0.06702
  402         12.01492        11.80225         0.21267
  403         11.23850        10.88725         0.35125
  404         11.95954        10.78741         1.17213
  405         10.91511        10.67128         0.24383
  406         10.56620        10.64451        -0.07831
  407         10.49130        10.51971        -0.02841
  408         10.67130        10.58743         0.08387
  409         10.84547        10.63448         0.21099
  410         10.29218        10.61093        -0.31876
  411         10.13464        10.55045        -0.41581
  412         10.38903        10.11075         0.27828
  413         10.48293        10.52947        -0.04654
  414         10.23283        10.47958        -0.24675
  415         10.72549        10.42823         0.29726
  416         10.20733        10.70602        -0.49869
  417         10.38903        10.26840         0.12062
  418         10.34500        10.59992        -0.25492
  419         10.21833        10.55457        -0.33623
  420         10.31563        10.69538        -0.37975
  421         10.46027        10.67675        -0.21648
  422         10.61155        10.65765        -0.04610
  423         10.24356        10.42646        -0.18290
  424         10.54800        10.51092         0.03708
  425         10.41933        10.23192         0.18741
  426         10.42231        10.42765        -0.00534
  427         10.36410        10.40846        -0.04435
  428         10.29218        10.64688        -0.35470
  429         10.47450        10.50467        -0.03017
  430         10.41933        10.50886        -0.08953
  431         10.52140        10.49890         0.02250
  432         10.67593        10.44819         0.22774
  433         10.18870        10.49810        -0.30940
  434         11.44680        11.79334        -0.34654
  435         11.17886        11.06326         0.11560
  436         11.22792        11.09956         0.12836
  437         11.17607        11.01292         0.16315
  438         11.17045        11.50407        -0.33362
  439         11.12875        11.15019        -0.02145
  440         11.14766        11.07711         0.07055
  441         12.17562        12.48608        -0.31046
  442         11.03329        11.12883        -0.09554
  443         11.03006        10.77344         0.25662
  444         10.88746        10.72033         0.16713
  445         10.78934        10.90543        -0.11609
  446         11.17186        10.84558         0.32627
  447         10.91146        11.11528        -0.20381
  448         11.12433        10.94347         0.18086
  449         10.61646        10.42748         0.18898
  450         10.63588        10.63161         0.00427
  451         10.23642        10.58379        -0.34737
  452         10.50783        10.54962        -0.04179
  453         10.72549        10.61305         0.11244
  454         10.90781        10.70041         0.20740
  455         10.79140        10.78805         0.00335
  456         10.71887        10.62170         0.09718
  457         10.18494        10.49052        -0.30558
  458         10.50783        10.60334        -0.09550
  459         10.20733        10.81501        -0.60768
  460         10.90230        10.97332        -0.07102
  461         10.69197        10.82845        -0.13649
  462         10.51056        10.71476        -0.20420
  463         10.44293        10.63283        -0.18990
  464         10.40429        10.51650        -0.11221
  465         10.43708        10.33099         0.10610
  466         10.32223        10.16591         0.15632
  467         10.21468        10.63913        -0.42446
  468         10.38903        10.52542        -0.13639
  469         10.42231        10.32418         0.09813
  470         10.25065        10.81249        -0.56183
  471         10.27509        10.62001        -0.34492
  472         10.19246        10.39085        -0.19840
  473         10.28196        10.73614        -0.45418
  474         10.19246        10.09773         0.09473
  475         10.63347        10.44823         0.18525
  476         10.08168        10.43683        -0.35515
  477         10.02132        10.31103        -0.28972
  478         10.05625        10.38392        -0.32767
  479         10.36410        10.05853         0.30557
  480         10.64068        10.12946         0.51121
  481          9.61587        10.63879        -1.02292
  482         10.03894        10.41561        -0.37668
  483         10.14254        10.27253        -0.12999
  484         10.23642        10.61025        -0.37384
  485         10.54800        10.16869         0.37930
  486          9.85225        10.43230        -0.58005
  487         10.52409        10.35641         0.16768
  488         10.09415        10.30962        -0.21547
  489         10.25418        10.43696        -0.18278
  490         10.29894        10.41738        -0.11844
  491          9.99884        10.31560        -0.31676
  492         10.10238        10.64996        -0.54758
  493         10.53479        10.51725         0.01754
  494         10.24000        10.48892        -0.24893
  495         10.39210        10.43381        -0.04171
  496         10.43120        10.36203         0.06917
  497         11.02355        10.90164         0.12191
  498         11.05249        11.09754        -0.04505
  499         10.45164        10.67817        -0.22653
  500         10.43415        10.72354        -0.28939
  501         10.21101        10.50920        -0.29819
  502          9.99884        10.60123        -0.60238
  503         10.40732        10.40363         0.00369
  504         10.06480        10.15094        -0.08615
  505          9.87308        10.32094        -0.44786
  506          9.59567        10.37304        -0.77737
  507          9.60918        10.44721        -0.83802
  508         10.47167        10.07125         0.40041
  509         10.60908        10.62338        -0.01430
  510         10.52140        10.81900        -0.29760
  511         10.30899        10.71461        -0.40563
  512         10.54009        10.72994        -0.18985
  513         10.23283        10.50851        -0.27569
  514         10.17736        10.11553         0.06183
  515         10.36725        10.49974        -0.13249
  516         10.39516        10.65818        -0.26302
  517         10.57390        10.79986        -0.22596
  518         10.57134        10.80768        -0.23633
  519         10.52945        10.72618        -0.19672
  520         10.70102        10.38607         0.31494
  521         10.57901        10.65439        -0.07539
  522          9.84697        10.68898        -0.84201
  523         10.36094        10.46407        -0.10312
  524         10.73206        10.63851         0.09355
  525         11.09591        10.96403         0.13188
  526         10.78521        11.16384        -0.37863
  527         11.01865        10.83185         0.18679
  528         10.72768        10.64324         0.08445
  529         10.83567        10.67506         0.16061
  530         10.94024        10.78683         0.15341
  531         11.31692        11.24449         0.07244
  532         11.27974        10.95563         0.32411
  533         11.14910        11.22267        -0.07358
  534         11.18998        11.11916         0.07082
  535         11.03167        11.20424        -0.17257
  536         10.96649        10.71133         0.25516
  537         10.98531        10.94963         0.03568
  538         11.89547        11.79977         0.09570
  539         11.98481        12.27926        -0.29445
  540         11.39528        11.44237        -0.04709
  541         11.57403        11.21706         0.35697
  542         12.04120        12.12868        -0.08748
  543         11.32901        11.35844        -0.02943
  544         11.11990        10.95659         0.16330
  545         10.96303        10.81092         0.15211
  546         10.88558        10.95240        -0.06682
  547         11.16196        11.10194         0.06003
  548         10.99375        10.86896         0.12479
  549         11.22125        10.98716         0.23409
  550         11.68521        11.21341         0.47179
  551         11.10045        11.10561        -0.00516
  552         11.02355        11.30468        -0.28113
  553         10.90597        10.77648         0.12949
  554         11.04613        10.64470         0.40143
  555         10.06053        10.41232        -0.35178
  556         11.95633        11.64429         0.31205
  557         12.12812        12.87679        -0.74867
  558         11.95248        11.84161         0.11086
  559         11.20096        11.32698        -0.12601
  560         11.48659        11.36075         0.12584
  561         11.08216        11.21619        -0.13403
  562         11.43929        11.46623        -0.02694
  563         11.25805        10.99816         0.25989
  564         11.63072        11.63697        -0.00625
  565         11.35042        11.82752        -0.47710
  566         11.25675        11.20103         0.05572
  567         11.74405        11.96623        -0.22219
  568         11.23322        11.00048         0.23274
  569         11.45848        11.85722        -0.39874
  570         10.71444         9.98181         0.73263
  571         11.30837        11.35509        -0.04672
  572         11.63072        12.34151        -0.71080
  573         11.22526        12.57319        -1.34793
  574         11.39528        11.66107        -0.26579
  575         13.34551        12.41301         0.93250
  576         11.39977        11.47630        -0.07653
  577         11.41090        11.62384        -0.21293
  578         11.22526        11.57768        -0.35243
  579         11.23322        11.04555         0.18768
  580         11.12728        10.93948         0.18779
  581         11.63072        10.60342         1.02729
  582          9.84167         9.56568         0.27598
  583         10.29894        10.23210         0.06683
  584         11.83139        10.48949         1.34189
  585         10.92955        11.17537        -0.24582
  586         11.21588        11.04914         0.16674
  587         11.08216        10.72425         0.35791
  588         11.28979        11.39556        -0.10576
  589         11.06352        12.03058        -0.96706
  590         11.38624        11.03284         0.35340
  591         10.61891        10.44663         0.17228
  592         11.22526        11.03548         0.18977
  593         12.61154        11.66323         0.94831
  594         12.14898        11.91371         0.23526
  595         12.21057        11.91985         0.29072
  596         11.98606        11.84721         0.13885
  597         12.29088        12.31212        -0.02124
  598         12.29134        11.64955         0.64179
  599         10.93491        10.79561         0.13930
  600         10.22198        10.61391        -0.39193
  601         10.75579        10.93640        -0.18060
  602         10.72988        10.74554        -0.01566
  603         11.33381        11.27741         0.05640
  604         11.53567        11.10276         0.43291
  605         11.61999        11.98995        -0.36995
  606         11.53274        11.36412         0.16862
  607         11.37367        11.78664        -0.41296
  608         11.78143        11.44175         0.33968
  609         11.76057        12.15327        -0.39270
  610         11.79435        11.86995        -0.07561
  611         11.48454        12.14632        -0.66178
  612         11.40535        11.59834        -0.19299
  613         11.33620        11.24789         0.08831
  614         11.44359        11.87052        -0.42693
  615         10.34500        10.53485        -0.18985
  616         10.07748        10.19986        -0.12237
  617          9.84167        10.63414        -0.79247
  618         11.01207        10.84492         0.16714
  619         10.91511        10.46884         0.44627
  620         10.20733        10.76178        -0.55445
  621         10.22198        10.36869        -0.14671
  622         10.17355        10.31105        -0.13750
  623          9.88334        10.13151        -0.24818
  624         10.14254        10.25368        -0.11114
  625          9.75272        10.34184        -0.58912
  626          9.55400        10.40302        -0.84902
  627          9.87822        10.53062        -0.65240
  628         10.29218        10.02888         0.26330
  629         10.32551        10.38735        -0.06184
  630         10.41334        10.06599         0.34735
  631         10.22198        10.97603        -0.75405
  632         10.74723        10.69216         0.05507
  633          9.79261        10.29741        -0.50479
  634          9.29661         9.96933        -0.67272
  635          9.77001         9.70343         0.06659
  636          9.51790        10.18908        -0.67118
  637          9.43356        10.61288        -1.17932
  638          9.77001        10.62365        -0.85364
  639          9.60245        10.09883        -0.49638
  640         10.87618        10.61829         0.25789
  641         10.47450        10.34237         0.13212
  642          9.96651         9.93369         0.03282
  643          9.96180         9.86868         0.09312
  644         10.70999        10.63362         0.07637
  645         10.91511        10.51248         0.40263
  646         10.90414         9.86812         1.03602
  647         11.27087        11.08253         0.18833
  648         10.71444        10.68682         0.02762
  649         10.65728        11.18834        -0.53106
  650         10.95956        10.24768         0.71188
  651         11.16338        11.52659        -0.36321
  652         11.27214        10.96951         0.30263
  653         11.31449        11.07007         0.24441
  654         11.24767        10.81083         0.43684
  655         10.38903        11.05198        -0.66296
  656         10.79960        10.82182        -0.02223
  657         10.76217        10.55629         0.20588
  658         11.03329        11.28022        -0.24692
  659         10.27509        10.59103        -0.31594
  660         10.62864        10.79914        -0.17050
  661         10.28196        10.83884        -0.55688
  662         10.69197        10.68860         0.00337
  663         10.98361        10.62026         0.36335
  664         10.32551        10.64487        -0.31936
  665         10.56103        10.85433        -0.29330
  666         11.04294         9.86953         1.17341
  667         10.67593        10.75372        -0.07779
  668         11.46164        10.73612         0.72552
  669         11.21588        10.84358         0.37230
  670         11.02028        11.17441        -0.15413
  671         11.02843        10.74393         0.28450
  672         11.06509        11.40047        -0.33538
  673         11.06352        10.97561         0.08791
  674         10.38903         9.95368         0.43535
  675         10.56362        10.10619         0.45743
  676         10.58155        10.07557         0.50598
  677          9.38438        10.57510        -1.19073
  678          9.51790        10.03674        -0.51884
  679          9.41744        10.32173        -0.90429
  680          9.73513        10.39260        -0.65747
  681          9.93309        10.32905        -0.39595
  682         10.57134        10.50687         0.06447
  683         10.22198        10.70699        -0.48502
  684         11.18305        10.24183         0.94121
  685         10.48013        10.72757        -0.24744
  686         11.74246        11.18715         0.55531
  687         10.00789        10.44611        -0.43821
  688         10.12266        10.28906        -0.16640
  689          9.34146        10.10307        -0.76161
  690          9.46506        10.24397        -0.77891
  691          9.99429        10.12301        -0.12873
  692         10.38903        10.08548         0.30355
  693         10.03016        10.30326        -0.27310
  694          9.41744        10.32964        -0.91220
  695          9.69283        10.58814        -0.89532
  696          9.91349        10.52484        -0.61135
  697         10.10647        10.56190        -0.45543
  698          9.77001         9.20551         0.56451
  699         10.35460        10.36587        -0.01127
  700         10.09827        10.80021        -0.70194
  701          9.53250        10.00133        -0.46883
  702          9.73513        10.43145        -0.69632
  703          9.21044        10.19403        -0.98359
  704         10.41933        10.20212         0.21721
  705          9.94755        10.33647        -0.38891
  706         10.65728        10.26473         0.39255
  707         10.74723        10.46130         0.28593
  708         10.60413        10.03597         0.56816
  709         10.33205        10.35959        -0.02754
  710         10.02132        10.67060        -0.64928
  711         10.41634        10.77199        -0.35565
  712         10.37664        11.18129        -0.80465
  713         10.37975        10.10902         0.27073
  714         10.07748        10.57809        -0.50061
  715         10.04329        10.33690        -0.29360
  716         10.37664        10.29953         0.07711
  717         10.03016        10.86180        -0.83163
  718         10.71444        10.91581        -0.20137
  719         10.11054        10.39091        -0.28037
  720         10.13860        10.57833        -0.43973
  721         10.99038        10.90547         0.08491
  722         10.77689        10.75718         0.01971
  723         10.98869        10.65102         0.33767
  724         10.87239        10.56036         0.31203
  725         10.98700        11.47610        -0.48910
  726         10.90597        10.84615         0.05983
  727         10.79960        10.68500         0.11460
  728         10.56620        11.14538        -0.57918
  729         10.81177        10.71626         0.09550
  730         10.83764        10.36508         0.47256
  731         10.38903        10.22756         0.16146
  732         10.51599        10.58798        -0.07198
  733         10.58661        10.54491         0.04170
  734         10.66432        10.66961        -0.00529
  735         10.82777        10.51139         0.31638
  736         10.80163        10.52462         0.27701
  737         10.65963        10.65423         0.00540
  738         10.79551        10.65047         0.14504
  739         10.22561        10.64531        -0.41970
  740          9.88842        10.49785        -0.60943
  741         10.38903        10.54577        -0.15674
  742         10.29556        10.24593         0.04963
  743         10.11864        10.25714        -0.13850
  744          9.82016        10.26982        -0.44966
  745         10.13464        10.25911        -0.12447
  746         10.16589        10.48344        -0.31755
  747          9.86272        10.38967        -0.52695
  748         11.05091        10.42875         0.62216
  749          9.98049        10.64926        -0.66877
  750         10.11864        10.41402        -0.29538
  751         10.04763        10.33730        -0.28966
  752          9.56107        10.23249        -0.67142
  753          9.46506        10.12002        -0.65496
  754          9.76428        10.70125        -0.93696
  755         10.31894        10.66517        -0.34624
  756         10.61891        10.24660         0.37231
  757          9.77001        10.74008        -0.97006
  758         10.38903        10.71426        -0.32524
  759          9.53972        10.32365        -0.78394
  760          9.88842        10.61439        -0.72596
  761         10.09827        10.37695        -0.27868
  762         10.25769        10.48161        -0.22391
  763          9.89853        10.28534        -0.38681
  764         10.32551        10.56330        -0.23778
  765          9.69898        10.69519        -0.99621
  766         10.22922        10.35821        -0.12898
  767         10.09001        10.51716        -0.42715
  768          9.60245        10.62803        -1.02558
  769         10.22198         9.23007         0.99191
  770          9.55400        10.38738        -0.83338
  771          9.37594        10.73186        -1.35592
  772         10.24356        10.49707        -0.25351
  773          9.35019        10.41941        -1.06922
  774          9.50308        10.12737        -0.62429
  775          9.97585        10.40007        -0.42421
  776         10.26817        10.38782        -0.11965
  777         10.77271        10.54062         0.23209
  778          9.53250        10.22700        -0.69450
  779          9.51052        10.64641        -1.13589
  780          9.93309        10.18288        -0.24979
  781         10.26469        10.12114         0.14355
  782          9.74103        10.50812        -0.76709
  783          9.86272        10.15366        -0.29094
  784          9.94755        10.41568        -0.46812
  785          9.84697        10.46652        -0.61955
  786          9.82558        10.15701        -0.33143
  787          9.77001        10.58298        -0.81297
  788         10.04763        10.19244        -0.14481
  789          9.28739        10.22254        -0.93514
  790          9.91349        10.41690        -0.50341
  791          9.38438        10.20835        -0.82398
  792         10.31894        10.72370        -0.40476
  793         10.51599        10.86479        -0.34880
  794         10.42825        10.64942        -0.22117
  795         10.27163        10.37276        -0.10113
  796         10.50783        10.44944         0.05839
  797          9.80372        10.43120        -0.62748
  798          9.62912        10.31637        -0.68725
  799         10.21101        10.39506        -0.18405
  800          9.60918        10.16173        -0.55255
  801         10.23283        10.60105        -0.36822
  802         10.51056        10.78415        -0.27359
  803         10.44293        10.75462        -0.31169
  804         10.02132        10.72321        -0.70189
  805         10.35141        11.01325        -0.66185
  806         10.38285        10.65634        -0.27348
  807         10.33854        10.74386        -0.40532
  808         10.40429        10.66770        -0.26341
  809         10.52678        10.52592         0.00086
  810         10.10238        10.55230        -0.44992
  811         10.22922        10.42568        -0.19646
  812         10.36725        10.53101        -0.16376
  813         10.23642        10.55571        -0.31929
  814          9.95233        10.45167        -0.49935
  815          9.85750        10.38191        -0.52442
  816         10.10238        10.53479        -0.43241
  817          9.97585        10.35952        -0.38367
  818          9.64219        10.38413        -0.74194
  819          9.92334        10.74304        -0.81970
  820         10.11460        10.59437        -0.47977
  821         10.07748        10.44537        -0.36789
  822         10.38903        10.23739         0.15164
  823          9.71722        10.84165        -1.12443
  824          9.68041        10.24987        -0.56947
  825          9.96180        10.38346        -0.42165
  826          9.60245        10.05164        -0.44919
  827          9.80372        10.16257        -0.35885
  828         10.02132        10.33050        -0.30918
  829          9.94755        10.40613        -0.45857
  830          9.95233        10.39182        -0.43950
  831          9.66783        10.30947        -0.64164
  832          9.71118        10.46210        -0.75092
  833          9.94755        10.29825        -0.35069
  834          9.58197        10.31640        -0.73442
  835          9.81471        10.59780        -0.78309
  836          9.77001        10.40866        -0.63865
  837          9.68041        10.33599        -0.65559
  838          9.72919        10.37825        -0.64906
  839          9.45728        10.18372        -0.72644
  840          9.73513        10.20569        -0.47056
  841          9.75272        10.20276        -0.45004
  842         10.21833        10.37019        -0.15185
  843         10.39821        10.51764        -0.11942
  844         10.28196        10.31632        -0.03437
  845         10.20363        10.41258        -0.20895
  846          9.80372        10.19646        -0.39273
  847          9.84167        10.25677        -0.41510
  848          9.92823        10.27762        -0.34940
  849         10.10647        10.27645        -0.16998
  850         10.39516        10.38425         0.01091
  851         10.34821        10.25209         0.09612
  852         10.36410        10.49342        -0.12932
  853         10.27163        10.27410        -0.00247
  854         10.34177        10.19147         0.15030
  855         10.34500        10.55440        -0.20940
  856          9.75272        10.38103        -0.62831
  857          9.93309        11.00551        -1.07242
  858          9.89853        10.17245        -0.27392
  859         10.08168        10.31832        -0.23664
  860         10.21833        10.40959        -0.19126
  861         10.67824        10.60918         0.06906
  862         10.59916        10.65004        -0.05088
  863         10.42231        10.47941        -0.05710
  864          9.74103        10.88458        -1.14355
  865         10.22922        10.11633         0.11290
  866         10.46027        10.40364         0.05663
  867         10.50235        10.40556         0.09679
  868         10.79960        10.65517         0.14443
  869         10.82180        10.59207         0.22973
  870         10.78314        10.73997         0.04317
  871         10.79960        10.56878         0.23082
  872         11.35042        11.61268        -0.26227
  873         10.80773        10.66255         0.14517
  874         10.66665        10.99632        -0.32967
  875         10.73859        10.74987        -0.01128
  876         11.01207        10.75127         0.26079
  877         10.24356        10.73614        -0.49258
  878         10.82975        10.96024        -0.13049
  879         10.96649        10.68503         0.28146
  880         11.08216        11.03865         0.04351
  881         10.94378        10.75694         0.18684
  882         10.95956        10.71696         0.24260
  883         11.04454        11.01688         0.02766
  884         10.90230        10.78888         0.11342
  885         10.94731        10.73560         0.21171
  886         10.92055        10.87981         0.04074
  887         10.38903        10.94845        -0.55943
  888         11.05723        10.83257         0.22466
  889         11.01536        10.66743         0.34793
  890         10.86477        10.63991         0.22486
  891         10.58408        10.75192        -0.16784
  892         10.82777        10.80060         0.02717
  893         10.84936        10.82860         0.02075
  894         10.87429        10.83916         0.03513
  895         10.68054        10.72512        -0.04459
  896         10.81579        10.66490         0.15089
  897         10.46598        10.50840        -0.04241
  898         10.53744        10.55253        -0.01508
  899         10.46313        10.41181         0.05132
  900         10.58155        10.69668        -0.11514
  901         10.47732        10.38984         0.08748
  902         10.49408        10.44094         0.05313
  903         10.42231        10.35883         0.06348
  904         10.43415        10.57629        -0.14215
  905         10.49960        10.49325         0.00635
  906         10.63828        10.65876        -0.02048
  907         10.47167        10.52294        -0.05128
  908         10.89861        10.83041         0.06820
  909         10.72988        10.67236         0.05752
  910         10.67593        10.41828         0.25765
  911         10.74938        11.26671        -0.51733
  912         10.49960        10.27888         0.22072
  913         10.68513        10.60712         0.07801
  914         10.79345        10.59268         0.20077
  915         10.84741        10.74552         0.10189
  916         10.85709        10.82749         0.02961
  917         10.85516        10.88261        -0.02744
  918         10.76217        10.59546         0.16671
  919         10.70999        10.68108         0.02890
  920         10.77480        10.58857         0.18624
  921         10.79140        10.63422         0.15718
  922         10.95433        10.89382         0.06051
  923         10.92775        10.85746         0.07030
  924         10.41634        10.59153        -0.17519
  925         10.35777        10.41744        -0.05967
  926         10.46313        10.56680        -0.10367
  927         10.22198        10.19665         0.02533
  928         10.26120        10.26528        -0.00409
  929         10.25769        10.52503        -0.26733
  930         10.09415        10.23012        -0.13597
  931         10.55062        10.39345         0.15717
  932         10.33854        10.86077        -0.52223
  933         10.68741        10.72006        -0.03265
  934         10.33205        10.30803         0.02402
  935         10.37352        10.34955         0.02397
  936         10.12667        10.26582        -0.13914
  937         10.35141        10.59768        -0.24627
  938         10.02132        10.57536        -0.55405
  939          9.86272        10.36695        -0.50423
  940          9.88842        10.34193        -0.45350
  941          9.83097        10.83387        -1.00290
  942         10.29894        10.72886        -0.42993
  943         10.41334        10.47215        -0.05881
  944         10.28878        10.41850        -0.12971
  945         10.75579        10.74418         0.01161
  946         10.23642        10.63824        -0.40183
  947         10.30899        10.57507        -0.26608
  948         10.31563        10.35670        -0.04107
  949         10.35460        10.37803        -0.02343
  950         10.42231        10.82025        -0.39793
  951         10.32551        10.35232        -0.02681
  952         10.39516        10.51597        -0.12080
  953          9.98049        10.56329        -0.58280
  954          9.97585        10.54002        -0.56417
  955         10.22561        10.48496        -0.25935
  956         10.22561        10.58537        -0.35977
  957         10.47167        10.43722         0.03445
  958          9.92823        10.41978        -0.49155
  959         10.15429        10.45056        -0.29628
  960         10.09415        10.61841        -0.52426
  961          9.54688        10.65642        -1.10954
  962          9.43356        10.35561        -0.92204
  963         10.48013        10.52542        -0.04529
  964          9.87822        10.54740        -0.66917
  965          9.90354        10.28796        -0.38442
  966         10.02132        10.47135        -0.45003
  967         10.28196        10.59113        -0.30917
  968         10.38594        10.52624        -0.14029
  969         10.67130        10.42553         0.24577
  970         10.66198        10.95479        -0.29281
  971         10.51599        10.58640        -0.07041
  972          9.99884        10.27750        -0.27866
  973          9.86272        10.46743        -0.60471
  974         10.15039        10.28737        -0.13698
  975          9.98049        10.52562        -0.54513
  976         10.26817        10.43197        -0.16380
  977         10.68513        10.42387         0.26126
  978         10.50509        10.64769        -0.14260
  979         10.46313        10.64472        -0.18159
  980         10.40429        10.65609        -0.25180
  981          9.98511        10.20154        -0.21643
  982         10.07327        10.36688        -0.29361
  983         10.49684        10.67085        -0.17401
  984         10.19246        10.42989        -0.23743
  985         10.36094        10.49088        -0.12994
  986         10.41034        10.52968        -0.11934
  987         10.36725        10.37086        -0.00361
  988         10.24711        10.57160        -0.32448
  989         10.19619        10.14058         0.05561
  990          9.79261         9.98580        -0.19319
  991         10.42825        10.36988         0.05837
  992         10.42231        10.80494        -0.38263
  993         10.15817        10.56236        -0.40419
  994         10.32879        10.35914        -0.03035
  995         10.33205        10.56345        -0.23140
  996          9.96651        10.61856        -0.65205
  997         10.09001        10.51440        -0.42439
  998         10.41933        10.37816         0.04117
  999         10.33205        10.62015        -0.28810
 1000         10.52140        10.44787         0.07353
 1001         12.25105        11.94158         0.30947
 1002         12.13994        12.63957        -0.49963
 1003         11.79359        12.14413        -0.35054
 1004         11.23982        11.66146        -0.42164
 1005         11.20096        11.54756        -0.34660
 1006         11.09591        11.67079        -0.57488
 1007         11.25417        11.26308        -0.00891
 1008         10.95607        10.52275         0.43332
 1009         11.12875        11.32180        -0.19306
 1010         11.11097        11.93373        -0.82276
 1011         11.25934        11.20282         0.05652
 1012         11.38397        11.63172        -0.24776
 1013         11.45742        11.49026        -0.03284
 1014         11.12433        11.58871        -0.46438
 1015         11.06822        11.12060        -0.05239
 1016         11.20505        11.54022        -0.33517
 1017         11.31204        11.30638         0.00566
 1018         11.27214        11.04131         0.23083
 1019         11.26062        11.11680         0.14382
 1020         11.30345        11.29431         0.00914
 1021         11.63072        11.97612        -0.34540
 1022         11.15340        11.42537        -0.27196
 1023         11.25157        11.72174        -0.47016
 1024         11.37712        11.40690        -0.02978
 1025         11.46164        12.03308        -0.57144
 1026         11.37022        11.37113        -0.00091
 1027         11.33381        11.20269         0.13112
 1028         11.38169        11.19725         0.18444
 1029         11.20096        11.13385         0.06711
 1030         11.30345        11.09790         0.20555
 1031         11.34452        11.17695         0.16756
 1032         11.33977        11.30739         0.03238
 1033         11.25027        11.13201         0.11826
 1034         11.25287        11.13444         0.11843
 1035         11.21453        11.02953         0.18500
 1036         11.30098        11.17365         0.12733
 1037         11.20641        12.38175        -1.17534
 1038         11.22125        11.40641        -0.18517
 1039         11.24244        11.05624         0.18620
 1040         11.31082        11.19458         0.11625
 1041         11.28227        11.44291        -0.16065
 1042         11.28101        11.15402         0.12698
 1043         11.19823        11.59803        -0.39980
 1044         11.37826        11.34946         0.02880
 1045         11.53176        11.58879        -0.05703
 1046         11.76135        11.43488         0.32648
 1047         11.60186        11.26980         0.33206
 1048         11.63427        11.16762         0.46665
 1049         11.54249        11.34401         0.19848
 1050         11.47107        11.77415        -0.30308
 1051         11.75666        11.99389        -0.23722
 1052         11.71342        11.70847         0.00495
 1053         11.63780        11.54907         0.08874
 1054         11.77376        11.75252         0.02123
 1055         11.87270        11.55035         0.32235
 1056         11.72400        11.71706         0.00695
 1057         11.68352        11.65038         0.03314
 1058         11.95826        11.93569         0.02257
 1059         13.81551        11.84732         1.96820
 1060         11.15626        11.57144        -0.41517
 1061         12.88182        12.53387         0.34795
 1062         13.06346        12.55520         0.50826
 1063         12.76569        11.94392         0.82177
 1064         11.89887        11.97775        -0.07888
 1065         12.32386        12.53219        -0.20833
 1066         12.31314        12.49147        -0.17833
 1067         12.35148        12.31570         0.03578
 1068         13.64567        13.17040         0.47527
 1069         12.88867        12.41839         0.47028
 1070         11.88725        12.26289        -0.37563
 1071         12.59541        12.57452         0.02089
 1072         11.78296        11.99709        -0.21413
 1073         11.45637        11.97857        -0.52220
 1074         11.38055        11.63798        -0.25744
 1075         11.63338        11.81812        -0.18474
 1076         11.61909        12.05481        -0.43572
 1077         11.86991        12.28956        -0.41966
 1078         12.87621        13.18916        -0.31295
 1079         11.98792        13.08542        -1.09750
 1080         12.84635        12.83843         0.00792
 1081         11.61187        11.96059        -0.34871
 1082         11.93820        12.45134        -0.51314
 1083         11.80560        11.83974        -0.03414
 1084         12.59744        12.75230        -0.15486
 1085         11.97541        12.90528        -0.92987
 1086         11.33022        11.18036         0.14985
 1087         11.70355        11.67369         0.02987
 1088         11.22526        11.53158        -0.30633
 1089         11.27214        11.23898         0.03316
 1090         11.25027        11.47346        -0.22319
 1091         11.83719        11.66956         0.16763
 1092         11.93493        11.73198         0.20295
 1093         10.85516        10.84072         0.01445
 1094         11.66135        11.52440         0.13695
 1095         11.25934        11.34881        -0.08947
 1096         11.70355        11.06116         0.64240
 1097         11.12433        11.09863         0.02570
 1098         11.31327        11.12206         0.19121
 1099         11.38964        11.11391         0.27573
 1100         11.24506        11.46386        -0.21880
 1101         10.45164        10.45334        -0.00170
 1102         10.91146        10.66073         0.25073
 1103         11.36675        11.58226        -0.21550
 1104         10.56878        10.79035        -0.22157
 1105         11.44893        10.89930         0.54963
 1106         11.30345        11.02667         0.27678
 1107         10.76005        10.77154        -0.01149
 1108         10.56620        10.70341        -0.13721
 1109         11.01372        10.73505         0.27867
 1110         11.26832        10.58085         0.68746
 1111         11.01536        10.68223         0.33313
 1112         11.37252        10.95528         0.41725
 1113         10.81780        10.84081        -0.02302
 1114         11.08062        10.72526         0.35536
 1115         10.99207        10.61436         0.37771
 1116         10.70999        10.50816         0.20183
 1117         10.84351        10.81622         0.02730
 1118         10.83370        10.77011         0.06359
 1119         10.38903        10.54853        -0.15950
 1120         11.14188        10.95435         0.18753
 1121         10.58661        10.66439        -0.07778
 1122         10.74723        10.76211        -0.01488
 1123         10.00338        10.30834        -0.30496
 1124         10.59666        10.70036        -0.10370
 1125         10.61646        11.01202        -0.39556
 1126         10.82777        10.69596         0.13180
 1127         10.61891        10.55388         0.06503
 1128         10.65493        10.68216        -0.02723
 1129         10.68284        10.77019        -0.08735
 1130         10.43708        10.31261         0.12448
 1131         10.83567        10.52120         0.31447
 1132         10.85516        10.67106         0.18411
 1133         10.18116        10.56484        -0.38368
 1134         11.24244        12.10020        -0.85776
 1135         10.80975        10.91689        -0.10715
 1136         10.36725        10.18319         0.18406
 1137         11.03491        11.14243        -0.10752
 1138         10.65728        10.54735         0.10993
 1139         10.54273        10.56497        -0.02224
 1140         10.54537        10.61570        -0.07033
 1141         10.39210        10.51941        -0.12731
 1142         10.59165        10.76309        -0.17145
 1143         11.06509        10.69603         0.36906
 1144         11.43497        10.82039         0.61459
 1145         11.33501        10.95775         0.37725
 1146         11.53470        11.52474         0.00996
 1147         11.48659        11.13635         0.35024
 1148         10.96130        10.83679         0.12450
 1149         10.83370        10.78010         0.05360
 1150         10.85516        10.61831         0.23685
 1151         10.71222        10.64459         0.06762
 1152         10.98869        10.63486         0.35383
 1153         11.17467        11.20639        -0.03172
 1154         10.90414        11.09662        -0.19249
 1155         11.06822        10.91115         0.15707
 1156         10.73642        10.41225         0.32417
 1157         10.96476        10.89078         0.07398
 1158         10.75152        10.82633        -0.07481
 1159         10.78934        10.62490         0.16444
 1160         11.04932        10.88085         0.16846
 1161         10.83960        10.75423         0.08537
 1162         11.49579        11.53990        -0.04411
 1163         11.32781        10.94371         0.38410
 1164         11.19686        11.30129        -0.10443
 1165         11.61006        11.90825        -0.29819
 1166         11.66994        11.97272        -0.30278
 1167         11.51493        11.37003         0.14490
 1168         11.93098        12.00831        -0.07732
 1169         11.47211        11.78588        -0.31377
 1170         11.48454        11.23766         0.24687
 1171         11.64572        11.47626         0.16946
 1172         11.86006        11.97558        -0.11552
 1173         11.69775        11.84024        -0.14249
 1174         11.72481        12.12486        -0.40004
 1175         12.48219        12.50083        -0.01863
 1176         12.01613        11.54361         0.47252
 1177         11.81600        12.17377        -0.35778
 1178         11.77299        12.13581        -0.36282
 1179         11.33381        11.15796         0.17585
 1180         11.54637        11.84060        -0.29423
 1181         11.07753        11.28286        -0.20533
 1182         11.19960        11.01178         0.18781
 1183         11.23058        11.11695         0.11363
 1184         11.21318        11.04548         0.16771
 1185         11.16196        11.09712         0.06484
 1186         11.37022        10.73936         0.63086
 1187         11.23322        11.19879         0.03443
 1188         11.14766        11.12651         0.02114
 1189         11.23322        11.11088         0.12234
 1190         11.50389        11.64092        -0.13702
 1191         11.48556        11.34770         0.13786
 1192         11.49579        11.42714         0.06865
 1193         11.51093        11.12981         0.38112
 1194         11.56553        11.69592        -0.13039
 1195         11.13606        11.11921         0.01685
 1196         11.11693        10.90261         0.21432
 1197         11.17326        11.04506         0.12821
 1198         11.45000        11.27520         0.17480
 1199         11.45000        11.59960        -0.14960
 1200         11.75509        11.61537         0.13973
 1201         11.12728        10.85281         0.27447
 1202         11.20369        11.07569         0.12800
 1203         11.13606        10.92713         0.20893
 1204         11.14188        10.90038         0.24150
 1205         11.10947        10.85553         0.25394
 1206         11.07599        10.68355         0.39243
 1207         11.09894        11.54307        -0.44413
 1208         11.06196        10.64698         0.41497
 1209         11.13897        10.90924         0.22973
 1210         11.02028        10.84975         0.17054
 1211         11.02192        11.07702        -0.05510
 1212         11.43606        11.73673        -0.30067
 1213         11.47316        11.39360         0.07955
 1214         11.15769        10.75921         0.39848
 1215         11.04773        10.75548         0.29224
 1216         11.11395        10.90004         0.21391
 1217         11.02192        10.60759         0.41432
 1218         11.01207        10.91409         0.09798
 1219         11.00378        10.70017         0.30361
 1220         10.58408        10.67577        -0.09169
 1221         10.78521        10.90300        -0.11779
 1222         10.92416        10.72071         0.20345
 1223         10.80773        10.96896        -0.16124
 1224         11.01865        10.72313         0.29552
 1225         11.05881        10.75480         0.30401
 1226         11.01207        10.63361         0.37845
 1227         10.81177        10.99829        -0.18652
 1228         11.16196        10.85660         0.30536
 1229         11.10045        10.78941         0.31104
 1230         11.10947        11.03729         0.07218
 1231         10.85130        10.79172         0.05958
 1232         10.94731        10.81242         0.13489
 1233         10.96130        10.81134         0.14996
 1234         10.66432        11.16494        -0.50063
 1235         10.65728        11.04013        -0.38285
 1236         11.02028        10.69013         0.33016
 1237         10.94201        10.61258         0.32943
 1238         10.96130        10.65080         0.31050
 1239         11.19273        10.72667         0.46606
 1240         11.13168        11.02888         0.10280
 1241         11.46480        11.24741         0.21738
 1242         11.46164        11.32404         0.13761
 1243         11.08523        10.64835         0.43688
 1244         11.49171        11.17457         0.31714
 1245         11.72481        11.27858         0.44623
 1246         11.84152        12.19239        -0.35087
 1247         11.60369        11.34249         0.26120
 1248         11.66222        11.34216         0.32006
 1249         11.80261        11.51991         0.28270
 1250         11.79056        11.08821         0.70235
 1251         11.04134        11.00463         0.03671
 1252         11.14477        11.16495        -0.02018
 1253         11.24637        11.36181        -0.11544
 1254         11.25287        11.05416         0.19872
 1255         10.79551        10.72649         0.06901
 1256         11.23058        11.01792         0.21266
 1257         11.06822        11.02106         0.04716
 1258         10.95782        10.98567        -0.02786
 1259         10.90230        10.69664         0.20566
 1260         10.86094        10.90457        -0.04363
 1261         10.73642        10.77526        -0.03884
 1262         10.98700        10.66406         0.32294
 1263         10.84156        10.62914         0.21242
 1264         10.82578        10.95956        -0.13378
 1265         10.83764        10.65602         0.18162
 1266         10.96649        11.01785        -0.05136
 1267         10.83370        10.76912         0.06458
 1268         10.87429        11.51826        -0.64398
 1269         10.90597        10.57763         0.32834
 1270         10.87807        10.78624         0.09183
 1271         11.09287        10.89534         0.19753
 1272         10.93134        10.77825         0.15309
 1273         10.91511        10.71192         0.20318
 1274         10.86286        10.77107         0.09179
 1275         10.98021        10.78805         0.19216
 1276         10.91329        10.68592         0.22737
 1277         10.91511        10.33191         0.58320
 1278         11.04294        10.76202         0.28091
 1279         11.08523        10.79328         0.29195
 1280         10.79960        11.00396        -0.20437
 1281         10.63588        10.82661        -0.19073
 1282         10.52409        10.60958        -0.08549
 1283         10.53479        10.79217        -0.25738
 1284         10.85516        10.61052         0.24465
 1285         10.92955        10.57917         0.35038
 1286         10.88558        10.54055         0.34504
 1287         10.79345        10.67078         0.12267
 1288         10.98869        10.60077         0.38793
 1289         10.96130        10.74570         0.21560
 1290         11.06665        10.81591         0.25074
 1291         11.03167        10.66969         0.36198
 1292         10.74938        10.75392        -0.00455
 1293         10.92596        10.57636         0.34960
 1294         11.02192        10.74811         0.27381
 1295         10.68969        11.30511        -0.61541
 1296         10.46027        10.49572        -0.03545
 1297         10.57134        10.83974        -0.26840
 1298         10.66198        10.66669        -0.00471
 1299         10.44001        10.29040         0.14961
 1300         10.63828        10.58995         0.04833
 1301         10.69650        10.87241        -0.17591
 1302         10.53479        10.57623        -0.04144
 1303         10.37039        10.64211        -0.27171
 1304          9.97119        10.68252        -0.71133
 1305         10.59416        10.69538        -0.10122
 1306         10.95782        10.81715         0.14067
 1307         10.55844        10.38149         0.17695
 1308         10.56878        10.45623         0.11254
 1309         10.63588        10.55420         0.08168
 1310         10.91146        11.07006        -0.15859
 1311         10.80367        10.78314         0.02053
 1312         10.68054        10.80482        -0.12428
 1313         10.89490        10.91550        -0.02060
 1314         10.97680         9.75984         1.21696
 1315         10.95607        11.22493        -0.26886
 1316         10.93847        10.50089         0.43758
 1317         10.79755        10.98324        -0.18569
 1318         10.91329        10.81603         0.09726
 1319         10.55844        10.76382        -0.20538
 1320         10.62864        10.62131         0.00733
 1321         10.40732        10.51350        -0.10618
 1322         10.68284        10.35181         0.33103
 1323         10.75366        10.55281         0.20085
 1324         10.83960        10.32136         0.51824
 1325         10.74508        10.49969         0.24539
 1326         10.77898        10.65175         0.12722
 1327         10.74723        10.63675         0.11048
 1328         10.56362        10.49338         0.07025
 1329         10.71444         9.79081         0.92363
 1330         10.48573        10.40535         0.08038
 1331         10.16204        10.58805        -0.42602
 1332         10.72108        10.75007        -0.02898
 1333         10.66665        10.34103         0.32562
 1334         10.87995        10.82259         0.05736
 1335         10.80975        10.69390         0.11585
 1336         10.57646        10.68520        -0.10874
 1337         10.73206        10.59670         0.13536
 1338         10.71666        10.68267         0.03399
 1339         10.62622        10.67419        -0.04797
 1340         10.63106        10.74618        -0.11512
 1341         10.83370        10.63475         0.19895
 1342         10.21468        10.87287        -0.65819
 1343         10.75579        10.78051        -0.02472
 1344         10.41634        10.67205        -0.25571
 1345         10.61401        10.77633        -0.16232
 1346         10.54800        10.69584        -0.14784
 1347         10.60661        10.74178        -0.13517
 1348         10.50509        10.51986        -0.01477
 1349         10.30899        10.58910        -0.28011
 1350         10.73859        10.79542        -0.05683
 1351         10.75152        10.55508         0.19644
 1352         10.63588        10.96493        -0.32905
 1353         10.65020        10.65683        -0.00663
 1354         10.62379        10.50512         0.11867
 1355         10.70551        10.60933         0.09619
 1356         10.71666        10.79070        -0.07404
 1357         10.58155        10.57683         0.00471
 1358         10.68741        10.59111         0.09630
 1359         10.69197        10.64802         0.04395
 1360         11.04134        10.76310         0.27824
 1361         10.96476        10.99800        -0.03324
 1362         10.99878        10.97787         0.02090
 1363         11.07288        10.94744         0.12544
 1364         10.68513        10.41574         0.26939
 1365         11.02028        10.69217         0.32811
 1366         10.93491        11.08511        -0.15020
 1367         10.85516        11.18017        -0.32501
 1368         10.92596        10.82258         0.10337
 1369         10.98021        10.89872         0.08149
 1370         10.75579        10.84710        -0.09130
 1371         10.85902        10.83109         0.02793
 1372         11.01700        10.49720         0.51981
 1373         10.81780        10.61534         0.20246
 1374         11.27341        11.02033         0.25308
 1375         11.45212        11.02516         0.42697
 1376         10.90045        10.80040         0.10006
 1377         10.60165        10.72708        -0.12544
 1378         10.62135        10.99462        -0.37327
 1379         10.60165        10.38878         0.21286
 1380         10.38285        10.48223        -0.09938
 1381         10.50783        10.92865        -0.42082
 1382         10.51328        10.45892         0.05436
 1383         10.52945        10.59350        -0.06405
 1384         10.21468        10.55599        -0.34131
 1385         10.77271        10.47969         0.29302
 1386         10.01686        10.43208        -0.41522
 1387         10.97851        10.73715         0.24136
 1388         11.22526        11.17067         0.05459
 1389         10.53212        11.02262        -0.49050
 1390         10.76640        10.57013         0.19627
 1391         10.34177        10.76236        -0.42058
 1392         10.82777        10.76974         0.05803
 1393         10.65493        10.61134         0.04358
 1394         10.43708        10.58191        -0.14482
 1395         10.60413        10.81474        -0.21061
 1396         10.61646        10.65292        -0.03645
 1397         10.71444        10.94860        -0.23416
 1398         10.55323        10.76089        -0.20766
 1399         10.50783        10.57026        -0.06243
 1400         10.58155        10.51366         0.06789
 1401         10.49130        10.87976        -0.38846
 1402         10.46313        10.90641        -0.44328
 1403         10.41034        10.37552         0.03482
 1404         10.94378        11.14038        -0.19659
 1405         10.55844        10.79497        -0.23653
 1406         10.41334        10.40050         0.01284
 1407         10.45452        10.34891         0.10562
 1408         10.69424        10.61252         0.08171
 1409         10.54800        10.57427        -0.02627
 1410         10.57646        10.61896        -0.04251
 1411         10.56878        10.35661         0.21216
 1412         10.76851        10.51348         0.25503
 1413         10.91874        10.69498         0.22376
 1414         10.96130        10.90215         0.05915
 1415         10.98869        10.85505         0.13364
 1416         11.39640        11.29857         0.09783
 1417         11.24244        11.27464        -0.03220
 1418         10.86668        10.60081         0.26587
 1419         10.81378        10.64995         0.16383
 1420         10.89861        10.82950         0.06911
 1421         11.22526        11.56065        -0.33539
 1422         11.45637        11.23948         0.21689
 1423         10.95082        10.83488         0.11594
 1424         10.88558        10.84961         0.03598
 1425         10.92775        10.72265         0.20510
 1426         10.80570        10.63149         0.17421
 1427         10.77898        10.86458        -0.08560
 1428         10.87239        10.87750        -0.00511
 1429         11.06038        10.86607         0.19431
 1430         10.78106        10.52452         0.25654
 1431         10.79755        10.52317         0.27439
 1432         10.76217        10.69480         0.06737
 1433         10.98191        10.83279         0.14913
 1434         11.18998        10.98872         0.20125
 1435         10.88183        10.98166        -0.09983
 1436         10.85902        10.67225         0.18677
 1437         10.97509        10.77355         0.20153
 1438         11.31327        11.28689         0.02637
 1439         10.97680        10.93702         0.03977
 1440         11.00045        11.04068        -0.04023
 1441         11.03006        11.16218        -0.13212
 1442         11.32661        10.97924         0.34737
 1443         11.09743        10.83919         0.25823
 1444         11.18305        11.04508         0.13796
 1445         11.04613        11.00815         0.03798
 1446         11.25546        11.19758         0.05788
 1447         11.25157        11.11691         0.13466
 1448         11.13314        10.97121         0.16194
 1449         11.31692        11.12734         0.18958
 1450         11.37367        10.95786         0.41582
 1451         11.37137        11.16838         0.20299
 1452         11.28729        11.06087         0.22643
 1453         11.32901        11.05836         0.27065
 1454         11.49579        11.61004        -0.11426
 1455         11.48041        11.54598        -0.06557
 1456         11.35277        11.25838         0.09439
 1457         11.37022        11.29248         0.07774
 1458         11.40201        10.95060         0.45141
 1459         11.12875        11.27722        -0.14847
 1460         11.11544        10.92616         0.18929
 1461         11.16480        10.97362         0.19117
 1462         11.52979        10.94902         0.58077
 1463         11.34452        11.08830         0.25622
 1464         11.66480        11.44303         0.22177
 1465         11.63072        11.34525         0.28547
 1466         11.11693        10.99253         0.12440
 1467         11.27595        11.37639        -0.10044
 1468         11.31082        11.33378        -0.02295
 1469         11.34924        11.01209         0.33715
 1470         11.31449        11.11451         0.19998
 1471         10.94731        10.76693         0.18038
 1472         11.00710        10.87889         0.12822
 1473         10.95782        10.90257         0.05525
 1474         11.04134        10.87752         0.16382
 1475         11.01372        11.01657        -0.00285
 1476         10.92235        10.59663         0.32572
 1477         10.97509        10.93989         0.03520
 1478         11.03329        10.71454         0.31875
 1479         10.92775        11.02631        -0.09856
 1480         10.94555        10.84244         0.10311
 1481         11.03813        11.24929        -0.21116
 1482         10.96822        10.89672         0.07149
 1483         11.04932        10.93159         0.11773
 1484         11.19686        10.99515         0.20171
 1485         11.04134        10.94993         0.09141
 1486         11.08829        11.09107        -0.00277
 1487         10.97337        11.01460        -0.04122
 1488         11.02192        11.06590        -0.04398
 1489         10.97851        11.04168        -0.06317
 1490         10.99543        10.95351         0.04191
 1491         11.06352        10.92472         0.13880
 1492         11.09135        10.79362         0.29772
 1493         11.08829        10.98801         0.10028
 1494         11.03491        10.98630         0.04860
 1495         11.06352        10.95085         0.11267
 1496         11.03329        10.78925         0.24404
 1497         11.03329        11.01093         0.02236
 1498         11.04932        10.92418         0.12514
 1499         11.14910        10.89847         0.25062
 1500         11.19686        10.96345         0.23340
 1501         11.26832        11.24482         0.02349
 1502         11.21991        11.11284         0.10706
 1503         11.17326        10.82829         0.34497
 1504         11.29974        11.10223         0.19752
 1505         11.17607        11.06576         0.11031
 1506         11.19960        11.12060         0.07900
 1507         11.21991        10.96009         0.25982
 1508         11.18721        11.09995         0.08726
 1509         10.96994        10.92920         0.04074
 1510         10.98869        10.93160         0.05709
 1511         11.11097        10.90438         0.20659
 1512         11.18721        11.11625         0.07096
 1513         11.21857        11.23042        -0.01185
 1514         11.27087        11.00399         0.26688
 1515         11.15484        11.00394         0.15089
 1516         11.03006        10.85543         0.17462
 1517         10.87049        11.00527        -0.13478
 1518         11.04134        11.04637        -0.00503
 1519         10.99710        10.89017         0.10693
 1520         11.08982        10.86950         0.22032
 1521         11.05566        10.95203         0.10363
 1522         10.93669        10.98565        -0.04896
 1523         10.93847        11.03792        -0.09945
 1524         10.99543        11.05506        -0.05963
 1525         11.06196        10.87137         0.19059
 1526         11.04613        10.88749         0.15864
 1527         10.98700        10.77169         0.21531
 1528         10.99543        11.01489        -0.01946
 1529         10.93847        10.95402        -0.01555
 1530         10.92055        10.85443         0.06612
 1531         10.81980        11.17880        -0.35900
 1532         11.07599        10.81457         0.26142
 1533         11.04932        10.94167         0.10765
 1534         10.95956        10.77110         0.18846
 1535         11.02355        10.83175         0.19180
 1536         10.96994        10.74724         0.22270
 1537         10.93669        10.67872         0.25797
 1538         10.93847        11.30588        -0.36741
 1539         10.94201        10.81395         0.12807
 1540         10.97166        10.65346         0.31820
 1541         10.85516        10.62366         0.23150
 1542         11.03973        10.77842         0.26131
 1543         10.79345        10.76527         0.02819
 1544         10.82578        10.83312        -0.00734
 1545         10.61646        10.67375        -0.05729
 1546         10.91874        10.80709         0.11164
 1547         10.84741        10.88211        -0.03470
 1548         10.92775        10.68889         0.23886
 1549         10.79960        10.70326         0.09634
 1550         10.87239        10.80411         0.06828
 1551         11.23982        11.06109         0.17873
 1552         11.26319        11.21729         0.04590
 1553         11.03652        10.81094         0.22557
 1554         10.75579        10.67502         0.08078
 1555         10.87995        10.83913         0.04082
 1556         10.76851        10.68254         0.08596
 1557         11.02681        10.76383         0.26298
 1558         11.16904        11.02983         0.13921
 1559         11.12138        10.88795         0.23343
 1560         11.20369        10.87317         0.33053
 1561         11.07288        10.89679         0.17609
 1562         10.95607        10.82700         0.12908
 1563         11.08216        11.10438        -0.02223
 1564         10.99375        10.89774         0.09600
 1565         11.13752        10.99359         0.14392
 1566         10.61401        10.85086        -0.23685
 1567         10.25418        11.14966        -0.89548
 1568         10.93847        10.62758         0.31089
 1569         10.82975        10.75414         0.07561
 1570         10.87618        10.80553         0.07065
 1571         11.30837        10.90042         0.40795
 1572         11.29354        10.93466         0.35888
 1573         11.01372        10.84054         0.17318
 1574         11.03491        10.94531         0.08960
 1575         11.02355        10.71134         0.31221
 1576         10.69650        10.57826         0.11824
 1577         10.99207        10.90803         0.08404
 1578         11.12138        10.90357         0.21781
 1579         10.96994        10.88210         0.08784
 1580         10.95433        10.78521         0.16912
 1581         11.08370        11.06850         0.01519
 1582         11.07599        10.79238         0.28360
 1583         11.12286        11.07338         0.04948
 1584         11.18026        11.06875         0.11151
 1585         11.15626        11.08789         0.06838
 1586         11.22392        11.18714         0.03678
 1587         11.29727        10.92560         0.37166
 1588         11.32661        10.94410         0.38251
 1589         11.32178        11.24782         0.07396
 1590         11.41753        11.34320         0.07433
 1591         11.42301        11.53170        -0.10868
 1592         11.47211        11.27879         0.19333
 1593         11.41753        10.87903         0.53850
 1594         11.50187        11.22048         0.28140
 1595         11.70273        11.87397        -0.17124
 1596         11.51991        11.53271        -0.01280
 1597         11.46269        11.37025         0.09244
 1598         11.36791        11.05114         0.31677
 1599         11.33620        11.00493         0.33127
 1600         11.50289        11.27217         0.23071
 1601         11.34452        11.01108         0.33344
 1602         11.35862        11.20282         0.15580
 1603         11.37137        11.05316         0.31821
 1604         11.28854        11.10392         0.18462
 1605         11.38510        11.27335         0.11176
 1606         11.46375        11.04939         0.41436
 1607         11.38624        11.10439         0.28185
 1608         11.42411        10.98778         0.43633
 1609         11.58990        10.99766         0.59223
 1610         11.55599        11.14283         0.41316
 1611         11.42411        11.07075         0.35335
 1612         11.36211        11.15898         0.20314
 1613         11.42192        11.40701         0.01491
 1614         11.33620        11.12605         0.21015
 1615         11.54152        11.04074         0.50078
 1616         11.35042        11.18653         0.16388
 1617         11.32781        11.05495         0.27286
 1618         11.47003        11.09877         0.37126
 1619         11.46164        10.87497         0.58667
 1620         11.38055        11.14485         0.23570
 1621         11.39303        10.90321         0.48982
 1622         11.37252        11.06201         0.31051
 1623         11.60642        11.27287         0.33356
 1624         11.44037        11.08437         0.35600
 1625         11.49069        11.37300         0.11769
 1626         11.61819        11.13722         0.48098
 1627         11.44251        11.07343         0.36909
 1628         11.53860        11.23266         0.30595
 1629         11.68773        11.29399         0.39374
 1630         11.45212        10.99561         0.45651
 1631         11.59911        11.06497         0.53415
 1632         11.68352        11.64257         0.04095
 1633         11.47003        11.05013         0.41990
 1634         11.53665        11.22690         0.30976
 1635         11.63692        11.24924         0.38768
 1636         11.72804        11.02974         0.69831
 1637         11.67335        11.25164         0.42171
 1638         11.50792        11.26812         0.23980
 1639         11.66222        11.40427         0.25794
 1640         12.03766        12.21201        -0.17435
 1641         12.04415        11.99315         0.05100
 1642         11.45848        11.12238         0.33610
 1643         11.46480        11.08256         0.38224
 1644         11.33022        11.42307        -0.09286
 1645         11.61639        10.99483         0.62156
 1646         11.51593        11.05200         0.46393
 1647         11.44144        10.88913         0.55231
 1648         11.39753        11.00909         0.38844
 1649         11.38851        10.85732         0.53119
 1650         11.51193        11.11384         0.39809
 1651         11.85936        11.71397         0.14539
 1652          9.58885        10.86687        -1.27803
 1653         11.29354        10.97454         0.31900
 1654         11.32661        10.91531         0.41129
 1655         11.48041        11.33253         0.14789
 1656         11.37482        11.15724         0.21758
 1657         11.44893        11.34698         0.10195
 1658         11.52881        11.25171         0.27710
 1659         11.43064        10.84302         0.58762
 1660         11.45954        11.07506         0.38447
 1661         10.97851        10.49167         0.48684
 1662         11.10196        10.79516         0.30680
 1663         11.14621        10.67481         0.47140
 1664         11.23190        10.80943         0.42247
 1665         11.35979        11.08541         0.27437
 1666         11.36791        11.15446         0.21345
 1667         11.45531        11.21677         0.23854
 1668         11.70685        11.45051         0.25634
 1669         11.61909        10.94714         0.67196
 1670         11.34570        10.80709         0.53861
 1671         11.32420        10.87589         0.44830
 1672         11.43389        10.93022         0.50367
 1673         11.38055        11.07319         0.30736
 1674         11.44893        10.98713         0.46180
 1675         11.51593        11.20391         0.31202
 1676         11.79961        11.16068         0.63893
 1677         11.60460        11.11771         0.48690
 1678         11.54443        11.18147         0.36297
 1679         11.86500        11.24250         0.62250
 1680         11.90969        11.50075         0.40894
 1681         11.53078        11.09785         0.43292
 1682         11.95376        11.56866         0.38510
 1683         11.51991        11.26851         0.25140
 1684         11.52486        11.13156         0.39330
 1685         11.46898        11.18599         0.28299
 1686         11.41201        11.02528         0.38673
 1687         11.62626        11.17391         0.45235
 1688         11.59267        11.38935         0.20332
 1689         11.63427        11.69205        -0.05779
 1690         11.77760        11.42693         0.35067
 1691         11.55023        11.28148         0.26875
 1692         11.66135        11.20573         0.45562
 1693         11.70521        11.20902         0.49618
 1694         11.44037        11.00768         0.43268
 1695         11.57685        11.60974        -0.03289
 1696         11.38851        10.94859         0.43992
 1697         11.37597        11.22027         0.15570
 1698         11.37367        10.93290         0.44077
 1699         11.36211        10.96478         0.39734
 1700         11.50389        11.21473         0.28916
 1701         11.66480        11.35938         0.30542
 1702         11.38510        11.01028         0.37483
 1703         11.35628        10.83731         0.51897
 1704         11.49171        11.16591         0.32580
 1705         11.81821        11.81817         0.00004
 1706         11.46375        11.22017         0.24358
 1707         11.42301        11.19664         0.22637
 1708         11.38283        10.87572         0.50710
 1709         11.29851        10.98303         0.31547
 1710         11.29354        10.79171         0.50183
 1711         11.40312        11.00502         0.39810
 1712         11.40089        11.03804         0.36285
 1713         11.36907        10.96601         0.40305
 1714         11.40535        11.14810         0.25725
 1715         11.46164        11.23551         0.22613
 1716         11.62894        11.20189         0.42704
 1717         11.82774        11.25264         0.57511
 1718         11.78905        11.33895         0.45010
 1719         11.91506        11.42752         0.48753
 1720         12.31851        12.44603        -0.12752
============================== END OF REPORT ================================



